17934 2866 0.999302 2869 2866M 1
16796 4212 0.989554 3701 3669M1D542M1I 1
3930 17046 1.0 9389 17046M 1
9671 11305 1.0 7669 11305M 1
10777 10199 1.0 6963 10199M 1
15899 5077 1.0 5125 5077M 1
16927 4049 1.0 4149 4049M 1
18653 2323 1.0 2372 2323M 1
16990 3986 1.0 4045 3986M 1
15373 5603 1.0 5713 5603M 1
12751 8225 1.0 8264 8225M 1
11532 9444 1.0 9497 9444M 1
10432 10544 1.0 10595 10544M 1
9491 11485 1.0 11557 11485M 1
7311 13665 1.0 13721 13665M 1
6765 14211 1.0 14260 14211M 1
5729 15247 1.0 15353 15247M 1
4300 16676 1.0 16725 16676M 1
1494 19482 1.0 19539 19482M 1
1446 19530 1.0 19605 19530M 1
376 20600 1.0 20667 20600M 1
2616 19464 1.0 19509 19464M 1
16858 3206 0.996881 3169 3206M 1
16795 3349 0.98716 2952 1I13M1D310M1D1M1I149M1I1M1D2582M1D1M1I288M 1
17980 2372 0.986931 2111 1I13M1D310M1D1M1I149M1I1M1D1895M 1
20911 481 1.0 527 481M 1
17186 4238 1.0 4311 4238M 1
12406 8490 1.0 8509 8490M 1
11473 8511 1.0 8537 8511M 1
10390 9402 1.0 8895 9402M 1
19312 224 0.995536 299 224M 1
1977 20743 1.0 13022 20743M 1
5173 17547 1.0 10039 17547M 1
7123 15597 1.0 9261 15597M 1
8121 14599 1.0 10955 14599M 1
11081 11639 1.0 11761 11639M 1
12058 10662 1.0 10717 10662M 1
15077 7643 1.0 7714 7643M 1
16116 6604 1.0 6662 6604M 1
19222 3498 1.0 3561 3498M 1
22267 453 1.0 582 453M 1
22255 465 0.993548 498 465M 0
21347 301 0.990033 336 301M 0
21064 360 0.991667 396 360M 0
20626 286 0.993007 300 286M 0
18437 315 0.990476 340 276M1D38M1I 0
21257 103 1.0 127 103M 0
21918 370 0.991892 370 370M 0
20342 250 0.992 265 250M 0
19434 214 0.990654 211 214M 0
20227 2493 1.0 2587 2493M 1
19706 3014 1.0 3088 3014M 1
17624 5096 1.0 5165 5096M 1
14903 7817 1.0 7906 7817M 1
14675 8045 1.0 8112 8045M 1
12672 10048 1.0 10126 10048M 1
11766 10954 1.0 11033 10954M 1
9360 13360 1.0 13456 13360M 1
4436 18284 1.0 18360 18284M 1
4368 18352 1.0 18450 18352M 1
14102 7546 1.0 7597 7546M 1
15485 6451 1.0 6469 6451M 1
16043 5237 1.0 5261 5237M 1
18270 3074 1.0 3171 3074M 1
19606 234 0.991453 243 234M 1
19294 1154 0.991334 1104 1154M 0
19606 234 0.991453 243 234M 1
19294 1154 0.991334 1104 1154M 0
20046 402 0.99005 400 402M 0
14523 5925 1.0 6016 5925M 1
18579 1869 1.0 1928 1869M 1
4846 15602 1.0 15661 15602M 1
462 19986 1.0 20040 19986M 1
273 19823 1.0 19840 19823M 1
19606 234 0.991453 243 234M 1
19294 1154 0.991334 1104 1154M 0
20193 255 0.992157 271 255M 0
20183 265 0.992453 290 265M 0
21186 462 0.984848 419 462M 0
20277 635 0.987402 596 635M 0
20094 354 0.988701 326 354M 0
19568 896 0.986607 845 503M1D392M1I 0
19186 1790 0.997207 1799 1790M 0
18293 2283 0.996496 2270 2283M 0
17212 3156 0.997148 3121 3156M 0
15387 4997 0.991795 4687 3643M1D3M1I1350M 0
20136 312 0.996795 348 312M 0
20615 1049 1.0 1094 1049M 1
18543 2225 1.0 2261 2225M 1
16231 5385 1.0 5459 5385M 1
13297 7695 1.0 7940 7695M 1
11231 9617 1.0 9699 9617M 1
7254 13690 1.0 13729 13690M 1
2573 17923 1.0 9555 17923M 1
1786 17926 1.0 10496 17926M 1
19606 234 0.991453 243 234M 1
18077 2371 0.998735 2434 56M1D2314M1I 1
16143 4305 1.0 4347 4305M 1
14274 5390 0.992579 5010 5390M 1
13233 6815 0.991196 6283 6815M 1
13883 6565 0.992993 6189 4460M1D942M1D1161M2I 0
14810 5638 0.991841 5262 3533M1D942M1D1161M2I 0
15850 4598 0.989996 4208 2493M1D942M1D1161M2I 0
18936 1512 0.993386 1447 1512M 0
18938 1510 0.998013 1549 1510M 0
20289 159 0.993711 192 159M 0
19294 1154 0.991334 1104 1154M 0
20131 317 0.990536 331 317M 0
20125 323 0.993808 372 323M 0
19708 740 1.0 848 740M 0
18407 2041 0.992651 1968 110M1I1M1D1929M 0
18357 2091 0.99187 2010 160M1I1M1D1929M 0
14650 5798 0.992066 5408 3693M1D942M1D1161M2I 0
18276 476 0.987395 465 437M1D38M1I 0
13347 6541 0.991133 5961 6541M 1
14523 5925 1.0 6016 5925M 1
18579 1869 1.0 1928 1869M 1
18481 1967 1.0 2089 1967M 1
6389 14059 1.0 14118 14059M 1
4846 15602 1.0 15661 15602M 1
4543 15905 1.0 15973 15905M 1
462 19986 1.0 20040 19986M 1
273 19823 1.0 19840 19823M 1
3671 16809 1.0 16849 16809M 1
7428 13516 1.0 13565 13516M 1
9508 12444 1.0 12460 12444M 1
10308 10444 1.0 10493 10444M 1
11503 8337 1.0 8370 8337M 1
17482 2886 1.0 2984 2886M 1
18970 1814 1.0 1897 1814M 1
21946 86 1.0 107 86M 1
15229 5283 0.991482 4940 3643M1D3M1I1636M 0
17148 4212 0.994539 4041 3643M1D3M1I565M 0
17768 1144 0.998252 1144 1144M 0
19233 207 0.995169 218 207M 0
18803 909 0.986799 845 503M1D405M1I 0
17760 1008 0.986111 861 503M1D504M1I 0
20181 411 0.985401 359 411M 0
19964 708 0.984463 625 27M1D1M1I679M 0
18270 1826 0.991238 1799 1826M 0
18270 1826 0.991238 1799 1826M 0
13499 6597 1.0 6746 6597M 1
17555 2541 1.0 2658 2541M 1
3822 16274 1.0 16391 16274M 1
562 19870 1.0 19915 19870M 1
1297 18799 1.0 18839 18799M 1
18270 1826 0.991238 1799 1826M 0
20210 766 0.996084 814 766M 0
19317 1259 0.995234 1285 1259M 0
18236 2132 0.996717 2136 2132M 0
16411 3973 0.990184 3702 2619M1D3M1I1350M 0
19112 984 0.996951 1002 984M 0
19567 1201 1.0 1260 1201M 1
17255 4361 1.0 4458 4361M 1
17914 2182 0.99725 2231 2182M 0
19866 230 0.995652 358 230M 0
18270 1826 0.991238 1799 1826M 0
19352 744 0.991935 829 744M 0
18684 1412 0.997875 1530 1412M 0
17383 2713 0.993365 2650 110M1I1M1D2601M 0
17333 2763 0.992761 2692 160M1I1M1D2601M 0
18172 3188 0.993413 3056 2619M1D3M1I565M 0
18792 120 1.0 159 120M 0
17262 2578 0.991078 2409 2578M 0
17262 2578 0.991078 2409 2578M 0
17262 2578 0.991078 2409 2578M 0
21393 143 1.0 216 143M 0
20325 251 1.0 347 251M 0
19244 1124 0.99911 1198 1124M 0
19667 173 0.988439 171 173M 0
19566 98 1.0 185 98M 0
19521 175 0.994286 261 175M 0
18104 1736 0.995392 1689 1736M 0
19675 165 0.993939 155 165M 0
16906 2934 0.996592 2879 2934M 0
18858 982 0.994908 1006 982M 0
17262 2578 0.991078 2409 2578M 0
18344 1496 0.99131 1439 1496M 0
19738 102 0.990196 107 102M 0
19709 131 0.984733 133 131M 0
19747 93 1.0 105 93M 0
19731 109 0.990826 117 109M 0
19177 663 0.993967 668 663M 0
17676 2164 0.996765 2178 2164M 0
16375 3465 0.993651 3298 110M1I1M1D3353M 0
16325 3515 0.993172 3340 160M1I1M1D3353M 0
18628 860 0.990698 913 860M 0
19739 101 1.0 169 101M 0
19180 2180 0.993119 2118 1611M1D3M1I565M 0
19291 149 1.0 167 149M 0
20239 353 0.991501 395 353M 0
20694 186 0.994624 253 186M 0
18904 88 1.0 158 88M 0
21155 141 0.992908 201 141M 0
19331 317 0.987382 345 317M 0
20838 90 1.0 171 90M 0
20149 491 0.985743 497 491M 0
20149 491 0.985743 497 491M 0
20149 491 0.985743 497 491M 0
20460 180 1.0 253 180M 0
